# Cartoon dataset found on p. 271  _MINITAB Student Handbook_ 
# by Ryan, Joiner and Ryan, Copyright 1976, Wadsworth Pub. Co.
# A full description of the Experiment and the meaning of the 
# variables is given in the book

# Description of data
# 
# 1. ID number 
# 2. 0 = black and white, 1 = color (no participant saw both)
# 3. Education: 0 = pre-professional, 1 = professional, 2 college student
# 4. Location: 1 = hospital A, 2 = hospital B, 3 = hospital C,
#              4 = Penn State student
# 5. OTIS score: Range approx 70-130
# 6. Score on cartoon test immediately after presentation
# 7. Score on realisic test immediately after presentation
# 8. Score on cartoon test four weeks after presentation
# 9. Score on realistic test four weeks after presentation
# 
# Scores in 6-9 are 0, 1, 2, 3... 9 (-9 for a missing observation)

#                       Variable
# 1     2     3     4      5      6     7     8     9
# ---------------------------------------------------

  1     0     0     1     107     4     4    -9    -9
  2     0     0     2     106     9     9     6     5
  3     0     0     2      94     4     2     3     0
  4     0     0     2     121     8     8     6     8
  5     0     0     3      86     5     5    -9    -9
  6     0     0     3      99     7     8     7     5
  7     0     0     3     114     8     9     5     4
  8     0     0     3     100     2     1    -9    -9
  9     0     0     3      85     3     2    -9    -9
 10     0     0     3     115     8     7     8     5
 11     0     0     3     101     7     6    -9    -9
 12     0     0     3      84     7     5    -9    -9
 13     0     0     3      94     4     3    -9    -9
 14     0     0     3      87     1     3     2     0
 15     0     0     3     104     9     9     5     6
 16     0     0     3     104     5     6    -9    -9
 17     0     0     3      97     6     5    -9    -9
 18     0     0     3      91     1     0    -9    -9
 19     0     0     3      83     4     4    -9     9
 20     0     0     3      93     0     1    -9    -9
 21     0     0     3      92     2     2    -9    -9
 22     0     0     3      91     5     2     3     1
 23     0     0     3      88     2     1    -9    -9
 24     0     0     3      90     5     4     4     3
 25     0     0     3     103     6     2    -9    -9
 26     0     0     3      93     9     9     8     4
 27     0     0     3     106     2     0     6     3
 28     1     0     1      98     3     3    -9    -9
 29     1     0     1     103     6     5     2     2
 30     1     0     2     109     5     4     1     2
 31     1     0     2     107     8     8    -9     9
 32     1     0     2     108     8     8     7     6
 33     1     0     2     107     3     2    -9    -9
 34     1     0     3      87     6     4     2     2
 35     1     0     3     113     5     4     4     4
 36     1     0     3      80     0     3     1     1
 37     1     0     3      91     5     6    -9    -9
 38     1     0     3     102     8     9     5     5
 39     1     0     3      83     4     1     2     1
 40     1     0     3     108     9     9    -9    -9
 41     1     0     3      86     4     4    -9    -9
 42     1     0     3      96     6     3    -9    -9
 43     1     0     3     101     5     3    -9    -9
 44     1     0     3      97     6     3     4     4
 45     1     0     3      88     3     1     2     0
 46     1     0     3     104     4     2     2     0
 47     1     0     3      87     7     3    -9    -9
 48     1     0     3      86     1     1    -9    -9
 49     1     0     3      90     6     5     4     1
 50     1     0     3     102     6     2    -9    -9
 51     1     0     3     105     2     2    -9    -9
 52     1     0     3     115     7     8    -9    -9
 53     1     0     3      88     4     3    -9    -9
 54     1     0     3     111     8     8    -9    -9
 55     1     0     3      95     5     4    -9    -9
 56     1     0     3     104     5     5    -9    -9
 57     0     1     1      79     7     4     6     4
 58     0     1     1      82     3     2    -9    -9
 59     0     1     1     123     8     8     7     5
 60     0     1     1     106     9     7     8     6
 61     0     1     1     125     9     9     4     3
 62     0     1     1      98     7     6    -9    -9
 63     0     1     1      95     7     7     4     4
 64     0     1     2     129     9     9     7     7
 65     0     1     2      90     7     6     3     5
 66     0     1     2     111     6     2     3     1
 67     0     1     2      99     4     5     3     1
 68     0     1     2     116     9     7     7     7
 69     0     1     2     106     8     7     6     4
 70     0     1     2     107     8     5    -9    -9
 71     0     1     2     100     7     6     2     1
 72     0     1     2     124     8     9     3     5
 73     0     1     3      98     6     7     1     1
 74     0     1     3     124     9     6     6     5
 75     0     1     3      84     1     4    -9    -9
 76     0     1     3      91     8     3    -9    -9
 77     0     1     3     118     6     6     3     4
 78     0     1     3     102     6     4    -9    -9
 79     0     1     3      95     7     4    -9    -9
 80     0     1     3      90     4     3    -9    -9
 81     0     1     3      86     1     0    -9    -9
 82     0     1     3     104     6     4    -9    -9
 83     1     1     1     111     9     9     6     3
 84     1     1     1     105     1     0    -9    -9
 85     1     1     1     110     1     0     0     0
 86     1     1     1      80     0     0     0     0
 87     1     1     1      78     4     1     1     1
 88     1     1     2     120     9     9    -9    -9
 89     1     1     2     110     9     6     6     5
 90     1     1     2     107     8     6    -9    -9
 91     1     1     2     125     7     8    -9    -9
 92     1     1     2     117     9     9    -9    -9
 93     1     1     2     126     8     8     5     5
 94     1     1     2      98     4     5    -9    -9
 95     1     1     2     111     8     6    -9    -9
 96     1     1     2     110     8     7    -9    -9
 97     1     1     2     120     9     7    -9    -9
 98     1     1     2     114     8     7     6     4
 99     1     1     2     117     6     7    -9    -9
100     1     1     3     105     7     6    -9    -9
101     1     1     3      97     6     6    -9    -9
102     1     1     3      86     1     1    -9    -9
103     1     1     3     111     7     5    -9    -9
104     1     1     3      93     1     0    -9    -9
105     1     1     3     115     8     7    -9    -9
106     1     1     3     102     2     3     5     2
107     1     1     3     111     7     3     4     4
108     1     1     3      82     1     1    -9    -9
109     1     1     3     117     8     5     4     3
110     0     2     4     132     9     9    -9    -9
111     0     2     4     113     7     8    -9    -9
112     0     2     4     130     9     7     1     4
113     0     2     4     122     9     9     6     4
114     0     2     4     133     9     9    -9    -9
115     0     2     4     103     7     5     3     0
116     0     2     4     118     9     9    -9    -9
117     0     2     4     119     9     9     7     8
118     0     2     4      97     8     8     6     4
119     0     2     4     123     9     9     7     4
120     0     2     4     113     8     7     6     6
121     0     2     4     110     8     7     3     5
122     0     2     4     119     8     7     6     6
123     0     2     4     116     5     7    -9    -9
124     0     2     4     113     8     6     5     5
125     0     2     4     128     9     9    -9    -9
126     0     2     4     113     8     5     4     2
127     0     2     4     110     5     7    -9    -9
128     0     2     4     114     7     6     5     5
129     0     2     4     132     9     8     4     6
130     0     2     4     110     7     8     2     5
131     0     2     4     122     7     7     4     2
132     0     2     4     123     9     9     6     7
133     0     2     4     131     9     9     7     7
134     0     2     4     131     9     9     8     8
135     0     2     4     121     9     8     7     8
136     0     2     4     125     9     8    -9    -9
137     0     2     4     101     6     6     4     6
138     0     2     4     120     8     9     6     7
139     0     2     4      99     9     6    -9    -9
140     0     2     4     128     8     9     8     7
141     0     2     4     129     8     6     5     2
142     0     2     4     125     8     6     7     4
143     0     2     4     107     8     8     8     5
144     0     2     4     102     8     7     6     4
145     0     2     4     125     9     8    -9    -9
146     1     2     4     129     8     8    -9    -9
147     1     2     4     122     3     0     2     3
148     1     2     4     124     7     6     6     7
149     1     2     4     115     8     8    -9    -9
150     1     2     4     117     8     6     5     2
151     1     2     4     132     7     6     5     7
152     1     2     4     109     8     5     5     5
153     1     2     4     107     9     5     9     2
154     1     2     4     116     8     7     6     5
155     1     2     4     118     8     5     6     5
156     1     2     4     124     9     9     6     7
157     1     2     4     102     9     5     5     2
158     1     2     4     110     9     7     7     7
159     1     2     4     119     7     5     2     4
160     1     2     4      99     3     2     4     0
161     1     2     4     102     7     8     5     6
162     1     2     4     115     7     7    -9    -9
163     1     2     4     105     8     6     3     0
164     1     2     4     104     7     6    -9    -9
165     1     2     4     112     7     7    -9    -9
166     1     2     4     117     9     9     6     5
167     1     2     4     108     9     9    -9    -9
168     1     2     4     135     8     8     8     8
169     1     2     4     133     8     8     7     7
170     1     2     4     105     6     4     5     3
171     1     2     4     124     7     7     9     8
172     1     2     4     112     9     9     9     8
173     1     2     4     128     9     9     9     9
174     1     2     4      96     8     8     7     6
175     1     2     4     110     8     8     4     5
176     1     2     4     108     8     8     6     8
177     1     2     4     125     7     6     8     8
178     1     2     4     111     4     3     4     1
179     1     2     4     103     4     3     2     1
