623 509 2.6
454 471 2.3
643 700 2.4
585 719 3.0
719 710 3.1
693 643 2.9
571 665 3.1
646 719 3.3
613 693 2.3
655 701 3.3
662 614 2.6
585 557 3.3
580 611 2.0
648 701 3.0
405 611 1.9
506 681 2.7
669 653 2.0
558 500 3.3
577 635 2.0
487 584 2.3
682 629 3.3
565 624 2.8
552 665 1.7
567 724 2.4
745 746 3.4
610 653 2.8
493 605 2.4
571 566 1.9
682 724 2.5
600 677 2.3
740 729 3.4
593 611 2.8
488 683 1.9
526 777 3.0
630 605 3.7
586 653 2.3
610 674 2.9
695 634 3.3
539 601 2.1
490 701 1.2
509 547 3.3
667 753 2.0
597 652 3.1
662 664 2.6
566 664 2.4
597 602 2.4
604 557 2.3
519 529 3.0
643 715 2.9
606 593 3.4

