15 12 11 23
12 12 11 17
14 13 13 14
15 11 13 18
22 16 9  16
21 12 21 18
18 19 21 15
18 12 9  21
23 5  13 22 
22 8  13 20 
14 20 11 10 
22 7  10 18
15 12 12 16
7  24 18 13 
17 13 19 10
12 18 18 19
18 14 12 10 
17 18 18 15
19 8  17 22 
18 16 19 15 
14 9  21 12
19 19 22 11
13 9  22 9
21 1  17 14
21 9  12 21
12 11 13 10
16 9  21 15
14 17 14 14
22 16 20 7
16 16 19 14 
17 12 15 21 
20 7  19 10 
18 9  12 14 
22 24 12 10 
20 13 16 24
23 15 14 24
20 20 16 12
14 14 11 9
20 17 15 14
17 8  12  13
13 15 9   14
17 16 15  16
14 6  11  12
16 5  11  14
15 14 10  22
15 7  10  21
12 12 14  15
17 22 12  9
13 14 11  9
24 11 13  9
